10
76 68
73 6 42 14 56 53 27 11 41 15 28 22 13 43 58 72 33 54 30 40 32 75 46 48 10 16 3 19 9 35 69 49 12 38 70 21 34 71 20 64 57 29 36 17 0 63 66 4 7 60 44 74 5 47 61 68 45 2 50 8 1 59 65 62 67 24 52 37 31 51 39 26 18 25 23 55 
42 29
6 28 16 39 7 36 34 17 22 1 13 24 29 30 41 40 8 0 2 35 19 21 25 26 4 14 32 33 27 15 20 10 38 5 12 3 31 23 18 37 11 9 
45 21
11 15 41 10 19 27 29 31 37 12 38 20 1 16 3 35 28 8 17 18 42 34 30 43 33 40 39 7 32 36 0 44 23 4 24 5 22 13 2 26 6 14 21 9 25 
65 48
32 8 59 44 14 43 49 1 11 5 45 15 42 2 61 56 40 18 47 58 36 27 4 60 54 20 63 28 23 9 53 38 12 19 31 41 46 62 3 52 34 25 30 29 17 33 22 7 26 39 24 10 16 64 13 55 37 51 50 21 48 6 35 57 0 
9 0
8 6 1 4 3 7 2 5 0 
31 8
30 3 27 17 20 23 4 11 1 15 0 8 22 24 25 9 21 12 14 29 7 26 13 2 5 10 16 18 6 19 28 
8 1
7 3 0 2 5 1 4 6 
9 4
3 2 4 5 8 6 0 7 1 
76 52
58 66 60 67 13 19 33 3 6 35 1 34 62 45 21 54 75 4 0 38 55 70 46 15 47 30 36 2 12 71 51 69 31 65 25 74 10 59 26 53 37 8 56 52 11 16 40 5 72 18 29 49 17 32 48 7 23 44 43 50 27 64 24 42 41 73 39 20 14 9 57 22 63 28 61 68 
17 3
10 7 9 13 1 0 4 6 16 2 8 5 15 3 11 12 14 
