83: 2 2 2 
82: 2 2 1 2 3 
81: 4 2 3 3 4 
80: 1 4 3 3 3 
79: 1 1 
78: 2 2 2 
77: 3 3 2 2 
76: 1 1 
75: 1 1 
74: 0 
73: 1 3 3 2 3 
72: 0 
71: 2 3 2 1 
70: 3 3 3 3 
69: 1 3 3 2 1 
68: 2 2 2 
67: 1 2 2 1 
66: 3 3 3 3 
65: 3 2 1 3 1 
64: 1 2 2 3 
63: 0 
62: 2 2 2 
61: 1 1 
60: 1 1 
59: 1 1 
58: 0 
57: 0 
56: 2 1 1 
55: 1 1 
54: 1 1 
53: 0 
52: 0 
51: 1 2 1 
50: 0 
49: 2 1 2 3 
48: 3 4 2 4 3 
47: 2 2 2 4 2 
46: 1 1 
45: 0 
44: 2 2 2 2 4 
43: 0 
42: 0 
41: 1 3 2 2 
40: 0 
39: 1 1 
38: 2 2 1 1 2 
37: 1 1 2 2 
36: 2 2 1 3 
35: 2 3 2 1 2 
34: 0 
33: 2 2 2 
32: 3 2 1 2 2 
31: 2 2 1 3 2 
30: 3 4 4 2 3 
29: 1 2 1 
28: 0 
27: 1 1 
26: 1 2 1 
25: 4 4 3 4 3 
24: 2 2 2 
23: 0 
22: 0 
21: 1 4 2 3 2 
20: 2 3 1 2 
19: 1 1 
18: 0 
17: 1 1 
16: 1 1 
15: 0 
14: 0 
13: 1 1 
12: 0 
11: 2 2 2 
10: 2 2 2 
9: 1 2 1 
8: 2 1 2 1 
7: 2 2 2 
6: 1 1 2 
5: 1 1 
4: 0 
3: 0 
2: 4 3 3 3 1 
1: 0 
0: 1 1 
