3
58 116 114 

2
107 13 

6
62 3 68 51 20 84 

3
61 67 53 

*3
12 9 88 
    
6
63 51 63 44 68 56 

6
43 103 19 30 88 74 

3
92 83 70 

5
22 120 105 98 39 

6
36 91 54 47 92 21 

3
34 63 51 

3
2 106 46 

6
88 57 66 47 10 74 

4
85 16 103 106 

6
88 75 45 4 111 8 

5
37 99 69 25 4 

3
75 80 13 

2
117 49 

6
53 107 67 55 60 76 

2
75 59 

4
82 18 63 118 

4
53 117 62 81 

3
2 106 90 

6
60 41 10 112 38 58 

3
82 36 70 

4
88 17 18 34 

3
6 107 84 

6
105 89 112 93 30 64 

6
31 49 29 36 101 70 

3
84 99 86 

3
52 2 36 

6
89 45 69 2 111 74 

2
75 5 

6
35 108 57 64 52 108 

